1348
9732
9735
9736
9737
9738
12003
1354
1356
9708
9710
9711
9717
9718
1364
1365
1368
1371
9743
9744
9745
9748
9749
12006
9790
12034
1487
5153
12112
12114
12858
12859
5155
9754
9755
9756
9757
9758
9759
9760
9761
9768
12100
12101
9762
9763
9764
9765
9766
9767
12103
12104
12105
12106
12107
12108
15099
12117
12119
12120
12121
12861
13791
1626
1627
1628
1630
1631
1632
1633
1634
2688
11160
11161
11962
11963
14405
1656
1657
1658
1660
1661
11167
11162
11163
11164
11165
11166
11964
11965
11966
11967
11968
11969
13781
13782
13783
13784
13785
7002
7003
7004
7005
7006
7009
7017
7018
7019
7020
7021
7022
7024
7025
7027
7028
7029
7030
7031
7035
7036
7037
7039
13964
13965
13966
13967
13969
13970
13971
13972
13973
13974
13975
13976
13977
1505
12609
14697
14698
14699
6906
6907
6908
6916
9772
12061
15251
15252
15253
15255
15257
15259
15260
15262
15263
15264
15272
15273
15274
15275
15276
15278
15279
15281
15282
15283
15284
15285
