1017376
1021894
1073783
1073791
1089428
1237950
1259272
1284531
1304764
1304771
1309470
1317152
1333677
1343122
1346376
1378891
1378898
1398364
1429791
1434825
1459104
1584694
1591273
1616147
1721177
1760143
1760146
1788774
1836000
1892018
1892019
1892028
1982585
2020780
2084883
2084884
2114169
2117703
2213827
2223502
2224085
2224127
2280952
2314853
2331644
234255
234257
234259
2350666
2351523
2380127
2387690
2391280
2438061
2458059
2587475
2587481
2587628
259359
2641628
264377
264416
264419
264426
264432
2739568
2763391
2801762
2810109
2820782
2836530
2843346
2882194
2887160
2903771
2939926
2942446
2963038
2998134
3057365
3069483
3069983
3074925
307546
3077739
3105217
3120223
3149440
3153542
3170590
3186652
3200666
3220289
3230778
3275873
3453876
3459694
3588387
3588738
3597549
3657093
367127
3752134
3763431
3766807
3766813
3784559
3791763
3829365
3830087
3861071
3897110
3897124
3915351
395625
395626
3965552
3980529
4007715
4007717
4007719
4007721
4020721
4039795
4081449
4122232
4182540
4203194
4207169
4223961
4229866
4315536
4315566
4317011
4321056
4325385
4325399
4325425
4325427
4325429
4331143
4331145
4331151
4331155
4331159
4331183
4331185
4331187
4335099
4335101
4335129
4335133
4335139
4355354
4365998
4376443
4380118
4413544
4415695
4422256
4471771
4474625
4486586
4491335
4503439
4523274
4523294
4533439
4533453
4574907
4605019
4712312
4712324
4718621
4771032
4776024
4853684
4872328
4890814
4912149
4931116
4979856
4979888
5005879
5005907
5005927
5005929
5017011
5025849
5025869
5026017
5050172
5056201
506552
5076933
5111452
5112180
5127320
5129535
5145492
5154376
517717
517766
5189444
5189929
5217640
5218215
5220904
5222158
5222160
5222162
5224000
5225096
5225342
5225344
5225346
5236876
5249589
5259288
5302338
5305004
5352358
5363896
5416938
5434177
5512096
5578026
5594272
5646422
5696028
572223
5731661
5793568
5807094
5830373
5832813
5835449
5886080
5955224
5988675
5988687
5991355
6013163
6014604
6014628
6041146
6043236
6043513
6050484
625636
6287670
6383212
6383824
6399351
642040
6450334
647598
6543079
6555083
6578189
6591009
6614602
6626437
6642422
6749532
6805332
6828065
6888608
7019143
7050628
7210082
7210092
7223003
729740
729783
7350988
7452275
745715
7464663
7538267
7555165
756943
7615636
7615650
766339
816495
816499
816517
