6383837
1885374
1064458
5602175
6661827
5602157
5675807
5092755
6476047
5756302
5810499
5476706
5835475
5343466
5005949
5112224
7228622
7442277
4772956
509769
746253
1770185
5248110
7538269
2583975
4114276
3939873
7729593
5070216
6180952
1240140
6180950
4115789
1611625
1556040
5315766
5496076
6391094
2425414
4980553
3588654
3589172
3755769
5409020
1744931
1744918
3247403
2746109
3019475
3459644
2510706
2098761
2785695
3588656
7565169
3077231
4731231
3333913
4853646
2620421
1799092
2797247
3330383
1744928
1744924
3458558
2843946
2490303
3743708
2620453
2246529
5103166
4210682
1044536
1044536
616474
616474
230791
788271
761685
761685
729778
729778
1323316
1752741
319760
4291385
4307959
189083
3841659
4918116
