6857020
6969475
6601717
6756236
6601679
6601715
6440707
6440709
6440671
6440693
6440645
6440665
6422054
6440623
6422050
6422052
6315538
6315542
6315516
6315520
6162991
6162997
6162961
6162977
6129304
6162959
6129292
6129302
6129288
6129290
6006954
6129284
5963110
5977329
5963090
5916140
5942551
5874422
5912099
5874412
5874414
5841641
5874410
5785913
5779009
5779011
5778997
5778999
5778983
5778993
5729530
5778959
5778963
5658331
5628068
5417510
5563213
5307590
5239157
5307588
5017011
5048927
4691178
4582667
4582671
4533465
4450910
4533461
4449736
4449746
4247631
4153884
4222822
4153882
3997325
4076724
3997311
3875957
3877159
3898486
3875955
3777561
3829283
3678501
3740987
3663076
3646195
3646227
3599834
3646165
3237626
3169869
3207602
2808498
2808510
2744105
2554856
2652598
2554820
2537615
2548547
2523388
2339271
2461934
2219648
1482811
2210972
1482791
1471500
1471515
1428061
1471494
1405222
1428060
1405218
1396643
1405179
1396642
1387500
1387492
1387498
1309470
1387113
1292550
1254626
1263613
1187643
1230455
1101873
1174341
770137
499125
770132
