45470615496
24001680497
34651017295
95890285673
7451063097
27001301996
80027366
350792698
351263497
501438365
2131410001
2650631629
2721407303
2811022797
4571249301
4631726701
5481454789
5570443829
6050370801
6971341201
7001261103
7461009101
7771921792
9060991329
9910298497
10800387098
10931615701
11520593966
11570119649
11921619001
12061995797
12780779801
13541265601
13901896596
14191915311
14440371598
15080994866
15841443501
16311289597
16321393511
17031901411
17820901097
18141004701
18421915301
19571271201
22100551492
22760993503
23011793901
24251703411
24461524190
25270881853
26971295903
27940725166
28070853196
28340775896
32511388101
33100560479
33461184829
34311395992
34370601066
35430631892
35980765196
36421323701
37531134411
38121702201
38320777066
39151084592
39670147466
40670526229
41560537429
42100729592
43100860898
43221203101
43541319701
43820437965
44820747401
46610367996
47540759392
50241018103
50411224298
50971778811
51181714692
52021207295
53270971266
53840756529
55711375211
56561347192
56940427766
57561230301
57561570111
58691258201
58851367801
60720133090
61050515066
61160723595
61590512997
62821776011
63580492596
63991937401
64341673201
65571364501
66110470697
66140855474
67341177896
67981366501
68020585396
68281074411
68340311329
68551250000
68711840295
69141822989
69201782101
69540636397
69571824711
70600254196
72301738011
72521396003
75061308792
75570669496
76961910111
77371458611
79700557566
80231096311
80770728095
80810598297
82341867003
82921102329
83760936097
85621043266
85980274701
86851410301
86920854092
87051069303
87051632629
87380171203
88490496903
88701846001
88721793366
88800670929
89101583166
89621127397
91031005492
91071425167
91920586829
91951846097
93641164101
94001294311
94411262766
95820058904
